A = [ 1 1 0 0 1 1 0 0 1 1 0 0 1 1 0 1 0 1 1 0 ; 1 1 1 1 1 1 0 1 1 1 0 0 1 0 1 0 1 0 1 0 ; 0 1 1 0 1 0 1 0 1 0 1 1 1 1 1 0 0 0 0 1 ; 0 1 0 1 1 1 1 1 1 1 0 0 0 0 1 0 1 0 1 1 ; 1 1 1 1 0 1 1 1 0 1 1 0 0 0 1 1 1 0 1 0 ; 1 1 0 1 1 1 1 0 1 1 1 0 1 1 1 0 0 0 1 0 ; 0 0 1 1 1 1 0 1 1 1 0 0 0 1 1 1 1 0 1 0 ; 0 1 0 1 1 0 1 1 1 1 1 1 1 0 0 1 1 1 1 0 ; 1 1 1 1 0 1 1 1 0 0 0 0 1 0 1 1 1 1 1 1 ; 1 1 0 1 1 1 1 1 0 1 0 0 1 1 1 1 1 0 1 0 ; 0 0 1 0 1 1 0 1 0 0 1 0 1 0 1 0 1 1 1 0 ; 0 0 1 0 0 0 0 1 0 0 0 1 0 0 1 1 1 1 0 0 ; 1 1 1 0 0 1 0 1 1 1 1 0 1 1 0 0 1 1 1 1 ; 1 0 1 0 0 1 1 0 0 1 0 0 1 1 1 0 1 0 1 0 ; 0 1 1 1 1 1 1 0 1 1 1 1 0 1 0 1 1 0 0 1 ; 1 0 0 0 1 0 1 1 1 1 0 1 0 0 1 1 1 0 0 0 ; 0 1 0 1 1 0 1 1 1 1 1 1 1 1 1 1 1 1 0 1 ; 1 0 0 0 0 0 0 1 1 0 1 1 1 0 0 0 1 1 1 1 ; 1 1 0 1 1 1 1 1 1 1 1 0 1 1 0 0 0 1 1 1 ; 0 0 1 1 0 0 0 0 1 0 0 0 1 0 1 0 1 1 1 1 ;  ]; 
Y = [ 0.00293986 -0.0126598 0.0189958 0.00256414 -0.0113382 0.00803029 -0.0120205 0.00755641 -0.0116232 -0.00517565 -0.0159555 -0.0133682 0.00214471 -0.0128217 0.018071 0.00178622 0.0167709 0.00453963 0.0160563 -0.0188494  ; -0.0126598 0.0545162 -0.0818008 -0.0110419 0.0488252 -0.0345805 0.0517632 -0.0325398 0.0500523 0.0222877 0.0687085 0.0575667 -0.00923567 0.0552135 -0.0778181 -0.00769191 -0.0722199 -0.0195488 -0.0691426 0.0811703  ; 0.0189958 -0.0818008 0.122741 0.0165682 -0.0732617 0.0518876 -0.07767 0.0488256 -0.0751028 -0.0334424 -0.103096 -0.0863782 0.013858 -0.0828472 0.116765 0.0115416 0.108365 0.0293327 0.103748 -0.121795  ; 0.00256414 -0.0110419 0.0165682 0.00223645 -0.0098892 0.00700402 -0.0104843 0.00659071 -0.0101377 -0.00451421 -0.0139164 -0.0116597 0.00187062 -0.0111831 0.0157615 0.00155794 0.0146276 0.00395947 0.0140043 -0.0164404  ; -0.0113382 0.0488252 -0.0732617 -0.0098892 0.0437284 -0.0309706 0.0463596 -0.029143 0.0448273 0.0199611 0.061536 0.0515574 -0.00827156 0.0494498 -0.0696947 -0.00688896 -0.0646809 -0.0175081 -0.0619248 0.0726969  ; 0.00803029 -0.0345805 0.0518876 0.00700402 -0.0309706 0.021935 -0.0328342 0.0206405 -0.031749 -0.0141374 -0.0435829 -0.0365155 0.00585833 -0.0350228 0.0493613 0.00487911 0.0458102 0.0124001 0.0438583 -0.0514876  ; -0.0120205 0.0517632 -0.07767 -0.0104843 0.0463596 -0.0328342 0.0491492 -0.0308966 0.0475247 0.0211622 0.0652389 0.0546597 -0.00876929 0.0524253 -0.0738885 -0.00730349 -0.0685729 -0.0185616 -0.065651 0.0770713  ; 0.00755641 -0.0325398 0.0488256 0.00659071 -0.029143 0.0206405 -0.0308966 0.0194225 -0.0298754 -0.0133032 -0.041011 -0.0343607 0.00551263 -0.0329561 0.0464484 0.00459118 0.0431069 0.0116684 0.0412701 -0.0484492  ; -0.0116232 0.0500523 -0.0751028 -0.0101377 0.0448273 -0.031749 0.0475247 -0.0298754 0.0459539 0.0204627 0.0630825 0.0528531 -0.00847944 0.0506925 -0.0714462 -0.00706209 -0.0663064 -0.0179481 -0.0634811 0.0745239  ; -0.00517565 0.0222877 -0.0334424 -0.00451421 0.0199611 -0.0141374 0.0211622 -0.0133032 0.0204627 0.00911181 0.0280899 0.0235348 -0.00377579 0.0225728 -0.0318142 -0.00314466 -0.0295254 -0.00799207 -0.0282674 0.0331846  ; -0.0159555 0.0687085 -0.103096 -0.0139164 0.061536 -0.0435829 0.0652389 -0.041011 0.0630825 0.0280899 0.0865956 0.0725532 -0.01164 0.0695874 -0.0980768 -0.00969437 -0.0910211 -0.024638 -0.0871427 0.102302  ; -0.0133682 0.0575667 -0.0863782 -0.0116597 0.0515574 -0.0365155 0.0546597 -0.0343607 0.0528531 0.0235348 0.0725532 0.060788 -0.00975247 0.0583031 -0.0821726 -0.00812233 -0.0762611 -0.0206427 -0.0730116 0.0857123  ; 0.00214471 -0.00923567 0.013858 0.00187062 -0.00827156 0.00585833 -0.00876929 0.00551263 -0.00847944 -0.00377579 -0.01164 -0.00975247 0.00156463 -0.00935381 0.0131833 0.0013031 0.0122349 0.00331179 0.0117136 -0.0137512  ; -0.0128217 0.0552135 -0.0828472 -0.0111831 0.0494498 -0.0350228 0.0524253 -0.0329561 0.0506925 0.0225728 0.0695874 0.0583031 -0.00935381 0.0559198 -0.0788136 -0.00779031 -0.0731437 -0.0197989 -0.070027 0.0822086  ; 0.018071 -0.0778181 0.116765 0.0157615 -0.0696947 0.0493613 -0.0738885 0.0464484 -0.0714462 -0.0318142 -0.0980768 -0.0821726 0.0131833 -0.0788136 0.11108 0.0109797 0.103089 0.0279046 0.0986964 -0.115865  ; 0.00178622 -0.00769191 0.0115416 0.00155794 -0.00688896 0.00487911 -0.00730349 0.00459118 -0.00706209 -0.00314466 -0.00969437 -0.00812233 0.0013031 -0.00779031 0.0109797 0.00108528 0.0101898 0.00275822 0.00975562 -0.0114527  ; 0.0167709 -0.0722199 0.108365 0.0146276 -0.0646809 0.0458102 -0.0685729 0.0431069 -0.0663064 -0.0295254 -0.0910211 -0.0762611 0.0122349 -0.0731437 0.103089 0.0101898 0.0956728 0.0258971 0.0915962 -0.10753  ; 0.00453963 -0.0195488 0.0293327 0.00395947 -0.0175081 0.0124001 -0.0185616 0.0116684 -0.0179481 -0.00799207 -0.024638 -0.0206427 0.00331179 -0.0197989 0.0279046 0.00275822 0.0258971 0.00700994 0.0247936 -0.0291066  ; 0.0160563 -0.0691426 0.103748 0.0140043 -0.0619248 0.0438583 -0.065651 0.0412701 -0.0634811 -0.0282674 -0.0871427 -0.0730116 0.0117136 -0.070027 0.0986964 0.00975562 0.0915962 0.0247936 0.0876932 -0.102948  ; -0.0188494 0.0811703 -0.121795 -0.0164404 0.0726969 -0.0514876 0.0770713 -0.0484492 0.0745239 0.0331846 0.102302 0.0857123 -0.0137512 0.0822086 -0.115865 -0.0114527 -0.10753 -0.0291066 -0.102948 0.120856  ; ] 
V = [ 0.0542204 -0.233487 0.350344 0.0472911 -0.209113 0.148105 -0.221696 0.139365 -0.214369 -0.0954558 -0.294271 -0.246552 0.0395554 -0.236474 0.333287 0.0329437 0.30931 0.0837254 0.29613 -0.347644  ; 0 4.26862e-05 -6.12976e-05 -8.32943e-06 3.42286e-05 -2.64651e-05 4.06142e-05 -2.34398e-05 3.52524e-05 1.56935e-05 5.23681e-05 4.32458e-05 -8.02417e-06 4.02252e-05 -5.79946e-05 -6.70312e-06 -5.36437e-05 -1.5994e-05 -5.26541e-05 6.21671e-05  ; 0 0 1.72613e-05 1.59915e-06 -1.01084e-05 5.83561e-06 -7.37195e-06 4.32199e-06 -1.02982e-05 -3.66197e-06 -1.00176e-05 -9.69751e-06 -7.48836e-07 -8.10884e-06 9.14285e-06 3.36863e-06 1.06085e-05 4.42205e-06 1.0012e-05 -1.17248e-05  ; 0 0 0 1.05043e-05 -1.09958e-06 -1.66034e-06 -7.98308e-07 -1.97748e-06 -9.46098e-07 -1.25014e-06 9.38096e-07 2.73045e-07 1.68924e-06 9.60578e-07 -8.49888e-07 1.56102e-06 -1.25933e-06 1.14249e-06 -7.37296e-07 -2.66423e-06  ; 0 0 0 0 1.21963e-05 -2.24716e-06 -5.11616e-07 -2.00182e-06 3.47584e-06 4.06969e-07 4.88682e-07 2.16684e-06 2.52708e-07 2.49841e-06 -4.03178e-06 -1.6912e-06 -3.13353e-06 -1.18347e-07 -3.39193e-06 1.93941e-06  ; 0 0 0 0 0 1.03119e-05 -1.7968e-06 1.61221e-06 -2.92791e-06 -1.73337e-06 -2.24052e-06 -7.77921e-07 -1.38901e-06 -1.09865e-06 -9.15239e-07 9.68401e-07 1.63334e-06 6.42056e-07 -5.45345e-07 9.77684e-07  ; 0 0 0 0 0 0 1.1754e-05 -1.69896e-06 -1.26689e-06 -1.66199e-07 1.79191e-06 1.57965e-06 7.10549e-07 -8.15024e-07 -3.23145e-06 -9.39011e-07 -2.2134e-06 8.06865e-08 -2.72483e-06 2.41352e-06  ; 0 0 0 0 0 0 0 1.02333e-05 -2.31302e-06 -1.80043e-06 -1.79887e-06 -1.92402e-06 -7.59454e-07 4.54784e-07 1.92298e-06 -1.06409e-06 -7.28329e-07 -6.172e-07 -9.38591e-07 9.58563e-07  ; 0 0 0 0 0 0 0 0 1.20876e-05 2.42997e-06 2.81686e-06 2.09436e-06 -2.53596e-06 1.94742e-06 -4.43691e-06 -1.96194e-06 -2.23627e-06 -1.97444e-06 -3.08599e-06 6.09153e-07  ; 0 0 0 0 0 0 0 0 0 1.02573e-05 2.24186e-06 1.42776e-06 -2.35349e-06 1.90383e-07 -3.75219e-06 -1.12829e-06 -2.21726e-06 -1.34974e-07 -2.89884e-06 3.17047e-06  ; 0 0 0 0 0 0 0 0 0 0 1.04603e-05 1.5603e-06 -2.19779e-06 2.36081e-06 -4.56322e-06 1.06817e-06 -2.40817e-06 -2.0009e-06 -2.7901e-06 3.89727e-06  ; 0 0 0 0 0 0 0 0 0 0 0 9.71939e-06 9.80643e-08 8.24326e-07 -2.56886e-06 -1.12587e-06 -1.44717e-06 -2.08973e-06 -2.57875e-07 1.74916e-06  ; 0 0 0 0 0 0 0 0 0 0 0 0 9.80006e-06 -1.92159e-06 1.59945e-06 -1.22607e-07 -9.78346e-07 -9.18811e-07 -6.86813e-07 -2.46103e-06  ; 0 0 0 0 0 0 0 0 0 0 0 0 0 9.75449e-06 -2.79732e-06 9.87071e-07 -2.20294e-06 3.80712e-07 -2.5603e-06 2.0044e-06  ; 0 0 0 0 0 0 0 0 0 0 0 0 0 0 1.10014e-05 -1.96009e-06 -1.07203e-06 9.76423e-07 7.12751e-07 -3.24354e-06  ; 0 0 0 0 0 0 0 0 0 0 0 0 0 0 0 9.17889e-06 -2.0201e-06 2.88704e-07 -2.08151e-07 5.41463e-07  ; 0 0 0 0 0 0 0 0 0 0 0 0 0 0 0 0 9.47892e-06 -1.35469e-06 9.76713e-07 -2.54071e-06  ; 0 0 0 0 0 0 0 0 0 0 0 0 0 0 0 0 0 9.42846e-06 -1.2216e-06 -2.29111e-06  ; 0 0 0 0 0 0 0 0 0 0 0 0 0 0 0 0 0 0 9.34899e-06 -2.60996e-06  ; 0 0 0 0 0 0 0 0 0 0 0 0 0 0 0 0 0 0 0 8.97729e-06  ; ] 
