A = [ 1 0 0 0 0 1 1 0 0 0 ; 0 0 0 1 1 0 1 0 1 0 ; 0 0 1 0 1 1 0 0 0 0 ; 0 1 0 0 0 0 0 1 0 1 ; 0 1 1 0 1 0 1 0 1 0 ; 1 0 1 0 0 0 0 1 0 0 ; 1 1 0 0 1 0 0 0 0 1 ; 0 0 0 1 0 1 0 0 0 1 ; 0 1 0 0 1 0 0 0 0 0 ; 0 0 0 1 0 0 1 1 0 0 ;  ]; 
Y = [ 0.0076711753746996798331 0.03251795101690490436 -0.004171648585642608216 -0.033481599306238687963 0.0090690541338689627943 0.0061020150267811958805 -0.045555488044370075207 -0.01734192707007270462 -0.015772319099473883913 0.051693304276537448139  ; 0.03251795101690490436 0.13784291280336849472 -0.01768353093042582605 -0.14192779756291040716 0.038443530282428903244 0.025866313953566456851 -0.19310875863749479842 -0.073512065323396380556 -0.066858530042736161181 0.21912683306769681346  ; -0.004171648585642608216 -0.01768353093042582605 0.0022685772013307414947 0.018207570851160235353 -0.0049318267697855584786 -0.003318326395291914567 0.024773451518717577724 0.0094306835627737881089 0.0085771177054772881204 -0.028111246817726125852  ; -0.033481599306238687963 -0.14192779756291040716 0.018207570851160235353 0.14613373552086220131 -0.039582779277530601159 -0.026632845303378133855 0.19883141085851033236 0.075690547448734254998 0.068839838970797748163 -0.22562051404468541627  ; 0.0090690541338689627943 0.038443530282428903244 -0.0049318267697855584786 -0.039582779277530601159 0.010721661495311892581 0.0072139539997878900091 -0.053856830838203632872 -0.020502057494111079056 -0.018646427904437056638 0.061113109829310695298  ; 0.0061020150267811958805 0.025866313953566456851 -0.003318326395291914567 -0.026632845303378133855 0.0072139539997878900091 0.0048538312431605692282 -0.036236986659269776467 -0.013794587974890856058 -0.012546047501251617745 0.041119295635430652691  ; -0.045555488044370075207 -0.19310875863749479842 0.024773451518717577724 0.19883141085851033236 -0.053856830838203632872 -0.036236986659269776467 0.27053253576533670133 0.10298551753935168696 0.093664356682532146081 -0.30698212864430951541  ; -0.01734192707007270462 -0.073512065323396380556 0.0094306835627737881089 0.075690547448734254998 -0.020502057494111079056 -0.013794587974890856058 0.10298551753935168696 0.039204219482328925284 0.035655867489348735955 -0.11686103980921011547  ; -0.015772319099473883913 -0.066858530042736161181 0.0085771177054772881204 0.068839838970797748163 -0.018646427904437056638 -0.012546047501251617745 0.093664356682532146081 0.035655867489348735955 0.032428675336904584647 -0.10628401318549124399  ; 0.051693304276537448139 0.21912683306769681346 -0.028111246817726125852 -0.22562051404468541627 0.061113109829310695298 0.041119295635430652691 -0.30698212864430951541 -0.11686103980921011547 -0.10628401318549124399 0.34834267577669525418  ; ]; 
V = [ 0.087585246330073654453 0.37127201645763252547 -0.047629581013237533293 -0.38227442074045181464 0.10354545444436311086 0.069669439574162397855 -0.52012741818056562604 -0.19800055142527017704 -0.18007963396065979067 0.59020561615738476036  ; 0 5.0978936109266863167e-05 -6.7598303384028859243e-06 -4.9715228171389342368e-05 1.208044597284217002e-05 1.2503085567390521615e-05 -6.4236215433157532457e-05 -2.620716041088038122e-05 -2.3915949044488026963e-05 7.5174678132039653286e-05  ; 0 0 1.2966837618353399902e-05 1.7851637153276112295e-06 -5.946978455352265193e-06 -7.2823270594217501326e-06 6.4051340143793087894e-06 6.2345363012431844857e-06 2.2554553851334179488e-06 -7.7368226703901201363e-06  ; 0 0 0 1.7135446210305271521e-05 -2.8190914973534530886e-06 -7.1544068723741884518e-07 9.1830431418884042648e-06 1.8864072279248684078e-06 1.0691703675766126419e-06 -1.5127819518487038965e-05  ; 0 0 0 0 1.3037300757889090446e-05 1.6743929423701019721e-06 -8.7243910995547530735e-06 -4.4148860644876166697e-06 -4.9445365514498134315e-06 7.0473091083792334448e-06  ; 0 0 0 0 0 1.4829289269962289124e-05 -3.810068154913614446e-06 -9.4342345851458842893e-06 -1.1697954260630714883e-13 7.1036393428666229564e-06  ; 0 0 0 0 0 0 1.6729576267585515205e-05 6.7563288622318632963e-06 -2.6641441655890580351e-14 -1.2596768130218539207e-05  ; 0 0 0 0 0 0 0 1.530459587724669596e-05 -6.0348807170592757861e-14 -8.2086868673401775079e-06  ; 0 0 0 0 0 0 0 0 1.2916969643718297756e-05 -3.3216910648193596452e-21  ; 0 0 0 0 0 0 0 0 0 1.2916969312771283443e-05  ; ]; 
Z = [ -1 -0 -0 -0 -0 -0.70710678118654746172 -0.70710678118654746172 -0 -0 -0  ; -0 -0 -0 -1 -1 -0 -1 -0 -1 -0  ; -0 -0 -1 -0 -1 -1 -0 -0 -0 -0  ; -0 -1 -0 -0 -0 -0 -0 -1 -0 -1.4142135623730951455  ; -0 -1 -1 -0 -1 -0 -1 -0 -1 -0  ; -1.4142135623730951455 -0 -1 -0 -0 -0 -0 -1 -0 -0  ; -1.4142135623730951455 -1 -0 -0 -1 -0 -0 -0 -0 -1.4142135623730951455  ; -0 -0 -0 -1 -0 -1 -0 -0 -0 -1.4142135623730951455  ; -0 -1 -0 -0 -1 -0 -0 -0 -0 -0  ; -0 -0 -0 -0.70710678118654746172 -0 -0 -0.70710678118654746172 -0.70710678118654746172 -0 -0  ; ]; 
